10533 11532.604501556947 13256.942477217737 14109.192116379532 12659.17833173538 10644.61857167441 10533 10533 10533 10533 
10809.2132993119 13874.71511595949 10533 10533 10533 11945.137095245187 10460.950580357143 10472.752663690477 10495.295530371768 10533 
15866.566750510117 10533 10533 10533 10533 10533 10533 10533 10448.633265421817 10512.905556024018 
16497.182536911958 10533 10533 10533 10533 10533 10533 8355.467872438478 10285.510373432058 10494.405413793884 
14890.28798869672 20110.55783480195 10533 10533 10533 10533 10533 10533 9240.162196467427 10533 
9786.3879176511 8564.60646053717 10533 10533 10533 10533 6635.127721450645 8116.972304479139 9795.511563731252 10533 
7407.218864677283 10533 10533 10533 10533 10533 8031.65217036698 10492.49371489152 10533 10533 
9551.1815011881 6182.521511098899 10533 7105.881534860942 8758.775205766213 9380.655992169928 10469.110870527918 10533 10533 10533 
10533 10126.52596831092 9492.521207403366 10270.326638223934 10533 10533 10533 10533 10533 10533 
10533 10533 10533 10533 10533 10533 10533 10533 10533 10533 
